13
3 2 17
3 7 13
1 10
2 1 4
2 3 6
3 4
1 2
2 1 1
2 1 35
2 4 17
2 14
1 16
2 1 70
1 11
2 1 78
6 4 10
3 8 2 4 5 6
2 1 4
2 1 5
2 2 100
2 1 100
2 5 18
16 8
2 2 53
2 2 19
1 7
1 6
2 1 9
2 5 13
8 7
1 6
1 4
2 2 51
1 11
2 1 2
6 5 20
2 18 10 3 4 5
2 1 1
2 1 2
2 2 2
2 3 2
2 1 100
6 5 1000000000
123456789 987654321 2 50000002 100000002 150000002
2 1 100
2 1 100000000
2 1 1000000000
2 2 1000000000
2 1 123456789
3 6 12
3 6 9
2 1 3
2 1 4
1 5
2 1 6
2 2 20
2 1 20
4 7 20
2 5 11 9
2 1 10
2 1 5
1 6
2 4 2
2 3 6
1 10
2 3 69
2 10 4
2 3
2 2 92
2 2 89
2 2 20
2 2 62
2 2 82
2 1 58
2 1 26
2 1 45
2 1 67
2 1 20
2 10 16
5 3
2 2 24
2 1 8
2 1 35
2 1 61
2 1 80
2 1 36
2 2 26
2 1 3
2 2 97
2 1 16
4 10 40
6 9 28 33
2 1 1
1 20
2 1 5
2 2 5
1 15
2 1 10
2 3 10
1 25
2 1 30
2 4 30
